ClosestSingleton:
	[2,2, 3,2, 4,2, 4,4, 3,3, 4,1, 3,4, 2,4, 1,3, 1,4, 2,3, 2,1, 1,1, 4,3, 3,1, 1,2]
	MOVE_WEST -> [2,4, 1,3, 2,2, 3,2, 1,4, 2,3, 2,1, 3,4, 1,1, 3,1, 4,3, 1,2]
	MOVE_WEST -> [1,3, 2,4, 2,2, 1,4, 2,1, 1,1, 4,3, 1,2]
	MOVE_NORTH -> [2,4, 2,2, 4,4, 1,4, 2,1, 1,2]
	MOVE_EAST -> [2,4, 2,2, 3,2, 4,4, 3,4, 3,1]
	MOVE_EAST -> [3,2, 4,2, 4,4, 4,1, 3,4]
	MOVE_NORTH -> [3,2, 4,4, 4,2, 3,4, 4,3]
	MOVE_EAST -> [4,2, 4,4, 4,3]
	MOVE_NORTH -> [4,4, 4,3]
	MOVE_NORTH -> [4,4]
FarestSingleton:
	[2,2, 3,2, 4,2, 4,4, 3,3, 4,1, 3,4, 2,4, 1,3, 1,4, 2,3, 2,1, 1,1, 4,3, 3,1, 1,2]
	MOVE_WEST -> [2,4, 1,3, 2,2, 3,2, 1,4, 2,3, 2,1, 3,4, 1,1, 3,1, 4,3, 1,2]
	MOVE_WEST -> [1,3, 2,4, 2,2, 1,4, 2,1, 1,1, 4,3, 1,2]
	MOVE_NORTH -> [2,4, 2,2, 4,4, 1,4, 2,1, 1,2]
	MOVE_EAST -> [2,4, 2,2, 3,2, 4,4, 3,4, 3,1]
	MOVE_EAST -> [3,2, 4,2, 4,4, 4,1, 3,4]
	MOVE_EAST -> [4,2, 4,4, 4,1]
	MOVE_SOUTH -> [4,1, 4,3]
	MOVE_SOUTH -> [4,2, 4,1]
	MOVE_NORTH -> [4,2, 4,3]
	MOVE_WEST -> [3,2, 4,3]
	MOVE_SOUTH -> [3,2, 4,2]
	MOVE_WEST -> [2,2, 3,2]
	MOVE_WEST -> [2,2, 1,2]
	MOVE_SOUTH -> [2,2, 1,1]
	MOVE_WEST -> [1,1, 1,2]
	MOVE_NORTH -> [1,2]
ClosestAllSingleton:
	[2,2, 3,2, 4,2, 4,4, 3,3, 4,1, 3,4, 2,4, 1,3, 1,4, 2,3, 2,1, 1,1, 4,3, 3,1, 1,2]
	MOVE_WEST -> [2,4, 1,3, 2,2, 3,2, 1,4, 2,3, 2,1, 3,4, 1,1, 3,1, 4,3, 1,2]
	MOVE_WEST -> [1,3, 2,4, 2,2, 1,4, 2,1, 1,1, 4,3, 1,2]
	MOVE_NORTH -> [2,4, 2,2, 4,4, 1,4, 2,1, 1,2]
	MOVE_EAST -> [2,4, 2,2, 3,2, 4,4, 3,4, 3,1]
	MOVE_EAST -> [3,2, 4,2, 4,4, 4,1, 3,4]
	MOVE_NORTH -> [3,2, 4,4, 4,2, 3,4, 4,3]
	MOVE_EAST -> [4,2, 4,4, 4,3]
	MOVE_NORTH -> [4,4, 4,3]
	MOVE_NORTH -> [4,4]
FarestAllSingleton:
	[2,2, 3,2, 4,2, 4,4, 3,3, 4,1, 3,4, 2,4, 1,3, 1,4, 2,3, 2,1, 1,1, 4,3, 3,1, 1,2]
	MOVE_WEST -> [2,4, 1,3, 2,2, 3,2, 1,4, 2,3, 2,1, 3,4, 1,1, 3,1, 4,3, 1,2]
	MOVE_WEST -> [1,3, 2,4, 2,2, 1,4, 2,1, 1,1, 4,3, 1,2]
	MOVE_NORTH -> [2,4, 2,2, 4,4, 1,4, 2,1, 1,2]
	MOVE_EAST -> [2,4, 2,2, 3,2, 4,4, 3,4, 3,1]
	MOVE_EAST -> [3,2, 4,2, 4,4, 4,1, 3,4]
	MOVE_EAST -> [4,2, 4,4, 4,1]
	MOVE_SOUTH -> [4,1, 4,3]
	MOVE_SOUTH -> [4,2, 4,1]
	MOVE_NORTH -> [4,2, 4,3]
	MOVE_WEST -> [3,2, 4,3]
	MOVE_SOUTH -> [3,2, 4,2]
	MOVE_WEST -> [2,2, 3,2]
	MOVE_WEST -> [2,2, 1,2]
	MOVE_SOUTH -> [2,2, 1,1]
	MOVE_WEST -> [1,1, 1,2]
	MOVE_NORTH -> [1,2]
