Seed  RobotPosition  N  ClosestSingleton  FarestSingleton  ClosestAllSingleton  FarestAllSingleton  Time
1464701016505	(2,2)	2	1	2	2	2	4
1464701017222	(2,1)	2	1	2	2	2	5
1464701017628	(2,2)	2	1	2	2	2	4
1464701017892	(2,2)	2	1	2	2	2	4
1464701018223	(1,1)	2	1	2	2	2	5
1464701018489	(2,1)	2	1	2	2	2	5
1464701018746	(1,1)	2	1	2	2	2	5
1464701019081	(1,1)	2	1	2	2	2	4
1464701019381	(1,1)	2	1	2	2	2	4
1464701019674	(1,2)	2	1	2	2	2	5
1464701019955	(1,2)	2	1	2	2	2	5
1464701020241	(2,2)	2	1	2	2	2	5
1464701020493	(2,1)	2	1	2	2	2	4
1464701020762	(2,2)	2	1	2	2	2	5
1464701021068	(2,1)	2	1	2	2	2	5
1464701021444	(2,1)	2	1	2	2	2	4
1464701021724	(2,2)	2	1	2	2	2	4
1464701022070	(2,2)	2	1	2	2	2	5
1464701022323	(2,2)	2	1	2	2	2	5
1464701022708	(2,2)	2	1	2	2	2	6
1464701023069	(2,2)	2	1	2	2	2	5
1464701023375	(2,1)	2	1	2	2	2	4
1464701023627	(2,1)	2	1	2	2	2	4
1464701023896	(2,1)	2	1	2	2	2	4
1464701024140	(2,2)	2	1	2	2	2	6
1464701024396	(1,1)	2	1	2	2	2	4
1464701024678	(1,1)	2	1	2	2	2	7
1464701025001	(1,2)	2	1	2	2	2	6
1464701025315	(2,1)	2	1	2	2	2	4
1464701025669	(2,2)	2	1	2	2	2	6
1464701025992	(2,2)	2	1	2	2	2	6
1464701026304	(2,1)	2	1	2	2	2	4
1464701026596	(2,2)	2	1	2	2	2	7
1464701026867	(1,2)	2	1	2	2	2	5
1464701027201	(2,2)	2	1	2	2	2	5
1464701027451	(1,2)	2	1	2	2	2	8
1464701027719	(1,1)	2	1	2	2	2	4
1464701028066	(1,1)	2	1	2	2	2	5
1464701028341	(1,2)	2	1	2	2	2	4
1464701028695	(2,2)	2	1	2	2	2	5
1464701029015	(3,2)	3	2	7	4	7	36
1464701029403	(3,2)	3	2	8	4	8	53
1464701029791	(1,2)	3	2	8	4	7	50
1464701030238	(1,2)	3	2	6	4	4	22
1464701030534	(2,1)	3	2	8	4	7	45
1464701030874	(3,1)	3	2	6	4	6	25
1464701031231	(2,2)	3	2	7	4	7	48
1464701031610	(3,2)	3	2	8	4	8	29
1464701031999	(3,3)	3	2	9	4	9	53
1464701032347	(1,1)	3	2	9	4	9	39
1464701032679	(1,2)	3	2	6	4	4	24
1464701033108	(2,1)	3	2	8	4	8	31
1464701033454	(1,3)	3	2	9	4	9	38
1464701033771	(1,1)	3	2	7	4	7	32
1464701034164	(3,3)	3	2	9	4	9	39
1464701034522	(3,2)	3	2	8	4	8	46
1464701034885	(1,3)	3	2	7	4	7	59
1464701035240	(1,3)	3	2	7	4	7	46
1464701035587	(1,3)	3	2	7	4	7	50
1464701035961	(2,2)	3	2	7	4	7	45
1464701036322	(3,1)	3	2	9	4	9	40
1464701036715	(3,2)	3	2	7	4	7	50
1464701037070	(3,1)	3	2	7	4	7	46
1464701037476	(2,1)	3	2	8	4	8	29
1464701037802	(1,1)	3	2	7	4	7	48
1464701038183	(1,2)	3	2	8	4	7	43
1464701038596	(3,3)	3	2	7	4	7	32
1464701038935	(2,1)	3	2	8	4	7	44
1464701039272	(3,3)	3	2	7	4	7	36
1464701039600	(2,2)	3	2	7	4	7	55
1464701039973	(2,1)	3	2	8	4	8	26
1464701040291	(3,2)	3	2	8	4	8	45
1464701040654	(2,1)	3	2	7	4	7	36
1464701041008	(2,3)	3	2	7	4	7	56
1464701041372	(1,2)	3	2	6	4	4	16
1464701041742	(1,3)	3	2	9	4	9	32
1464701042090	(1,3)	3	2	7	4	7	46
1464701042408	(3,3)	3	2	9	4	9	35
1464701042756	(3,2)	3	2	7	4	7	57
1464701043272	(2,1)	3	2	6	4	4	19
1464701051501	(2,4)	4	3	19	6	19	3062
1464701058308	(4,3)	4	3	23	7	23	3945
1464701067919	(4,4)	4	2	18	7	18	826
1464701070707	(4,2)	4	2	19	7	19	2671
1464701078689	(1,2)	4	3	19	7	19	782
1464701089195	(3,1)	4	3	20	7	20	5050
1464701099364	(4,2)	4	2	18	6	18	3893
1464701104900	(1,3)	4	3	13	7	13	248
1464701107569	(1,1)	4	2	18	6	18	1409
1464701109685	(4,2)	4	2	20	6	18	1026
1464701114509	(2,3)	4	2	20	6	19	3118
1464701118971	(2,3)	4	2	20	7	20	4208
1464701136749	(4,1)	4	3	25	6	25	1916
1464701147268	(3,4)	4	2	22	7	20	4811
1464701169610	(3,1)	4	3	19	7	19	3103
1464701178015	(1,3)	4	2	17	6	17	1499
1464701182877	(1,4)	4	2	20	7	20	7082
1464701192460	(3,2)	4	2	18	7	17	1793
1464701203359	(4,1)	4	2	18	6	18	1991
1464701207394	(4,1)	4	3	20	6	20	2812
1464701211607	(1,1)	4	2	18	7	18	2275
1464701215770	(1,3)	4	2	20	7	20	5873
1464701223508	(1,4)	4	2	16	6	16	785
1464701225945	(2,4)	4	3	25	6	25	5132
1464701240886	(3,1)	4	3	23	7	22	2261
1464701246996	(1,1)	4	2	17	7	17	1754
1464701251821	(2,4)	4	2	19	6	19	1350
1464701255276	(2,1)	4	2	19	6	19	5081
1464701265362	(2,2)	4	3	16	6	16	1930
1464701272622	(3,3)	4	2	26	7	26	6801
1464701280308	(1,4)	4	2	15	7	15	365
1464701283604	(1,4)	4	2	19	6	19	3314
1464701288511	(1,3)	4	3	23	6	21	5467
1464701300441	(2,2)	4	2	19	6	19	4674
1464701306567	(2,1)	4	3	16	6	16	864
1464701315959	(4,2)	4	2	18	6	17	852
1464701317778	(1,3)	4	3	17	6	17	3203
1464701323758	(2,2)	4	3	18	7	16	415
1464701328985	(3,3)	4	3	17	6	17	1408
1464701339461	(3,4)	4	2	20	6	18	3492
