ClosestSingleton:
	[4,2, 4,4, 2,1, 2,3, 4,3, 2,4, 3,4, 3,3, 2,2, 1,3, 4,1, 1,4, 1,2, 3,1, 1,1, 3,2]
	MOVE_SOUTH -> [4,1, 1,4, 2,1, 2,3, 4,3, 1,2, 3,1, 3,4, 3,2, 1,1]
	MOVE_EAST -> [4,1, 4,4, 2,3, 4,3, 1,2, 3,1, 2,4, 3,2, 1,1]
	MOVE_EAST -> [4,1, 4,4, 2,3, 4,3, 1,2, 3,4, 3,2, 1,1]
	MOVE_WEST -> [1,3, 1,2, 3,1, 3,4, 2,4, 3,2, 1,1, 3,3]
	MOVE_NORTH -> [1,3, 1,2, 3,4, 2,4, 3,2, 3,3]
	MOVE_NORTH -> [1,3, 3,4, 2,4, 3,3]
	MOVE_EAST -> [4,4, 2,3, 4,3, 3,4]
	MOVE_NORTH -> [4,4, 2,4, 3,4]
	MOVE_EAST -> [4,4, 3,4]
	MOVE_EAST -> [4,4]
FarestSingleton:
	[4,2, 4,4, 2,1, 2,3, 4,3, 2,4, 3,4, 3,3, 2,2, 1,3, 4,1, 1,4, 1,2, 3,1, 1,1, 3,2]
	MOVE_SOUTH -> [4,1, 1,4, 2,1, 2,3, 4,3, 1,2, 3,1, 3,4, 3,2, 1,1]
	MOVE_WEST -> [1,3, 1,4, 2,1, 1,2, 3,1, 2,4, 3,2, 1,1, 3,3]
	MOVE_WEST -> [1,3, 1,4, 2,1, 1,2, 3,2, 1,1, 3,3]
	MOVE_EAST -> [2,3, 1,2, 4,3, 3,1, 2,4, 3,2, 1,1]
	MOVE_NORTH -> [1,3, 4,4, 1,2, 2,4, 3,2, 3,3]
	MOVE_NORTH -> [1,3, 4,4, 2,4, 3,3]
	MOVE_EAST -> [4,4, 2,3, 4,3, 3,4]
	MOVE_NORTH -> [4,4, 2,4, 3,4]
	MOVE_EAST -> [4,4, 3,4]
	MOVE_WEST -> [3,4, 2,4]
	MOVE_SOUTH -> [2,3, 3,4]
	MOVE_WEST -> [1,3, 2,4]
	MOVE_SOUTH -> [2,3, 1,2]
	MOVE_WEST -> [1,3, 1,2]
	MOVE_SOUTH -> [1,2, 1,1]
	MOVE_SOUTH -> [1,1]
ClosestAllSingleton:
	[4,2, 4,4, 2,1, 2,3, 4,3, 2,4, 3,4, 3,3, 2,2, 1,3, 4,1, 1,4, 1,2, 3,1, 1,1, 3,2]
	MOVE_SOUTH -> [4,1, 1,4, 2,1, 2,3, 4,3, 1,2, 3,1, 3,4, 3,2, 1,1]
	MOVE_EAST -> [4,1, 4,4, 2,3, 4,3, 1,2, 3,1, 2,4, 3,2, 1,1]
	MOVE_EAST -> [4,1, 4,4, 2,3, 4,3, 1,2, 3,4, 3,2, 1,1]
	MOVE_WEST -> [1,3, 1,2, 3,1, 3,4, 2,4, 3,2, 1,1, 3,3]
	MOVE_NORTH -> [1,3, 1,2, 3,4, 2,4, 3,2, 3,3]
	MOVE_NORTH -> [1,3, 3,4, 2,4, 3,3]
	MOVE_EAST -> [4,4, 2,3, 4,3, 3,4]
	MOVE_NORTH -> [4,4, 2,4, 3,4]
	MOVE_EAST -> [4,4, 3,4]
	MOVE_EAST -> [4,4]
FarestAllSingleton:
	[4,2, 4,4, 2,1, 2,3, 4,3, 2,4, 3,4, 3,3, 2,2, 1,3, 4,1, 1,4, 1,2, 3,1, 1,1, 3,2]
	MOVE_SOUTH -> [4,1, 1,4, 2,1, 2,3, 4,3, 1,2, 3,1, 3,4, 3,2, 1,1]
	MOVE_WEST -> [1,3, 1,4, 2,1, 1,2, 3,1, 2,4, 3,2, 1,1, 3,3]
	MOVE_WEST -> [1,3, 1,4, 2,1, 1,2, 3,2, 1,1, 3,3]
	MOVE_EAST -> [2,3, 1,2, 4,3, 3,1, 2,4, 3,2, 1,1]
	MOVE_NORTH -> [1,3, 4,4, 1,2, 2,4, 3,2, 3,3]
	MOVE_NORTH -> [1,3, 4,4, 2,4, 3,3]
	MOVE_EAST -> [4,4, 2,3, 4,3, 3,4]
	MOVE_NORTH -> [4,4, 2,4, 3,4]
	MOVE_EAST -> [4,4, 3,4]
	MOVE_WEST -> [3,4, 2,4]
	MOVE_SOUTH -> [2,3, 3,4]
	MOVE_WEST -> [1,3, 2,4]
	MOVE_SOUTH -> [2,3, 1,2]
	MOVE_WEST -> [1,3, 1,2]
	MOVE_SOUTH -> [1,2, 1,1]
	MOVE_SOUTH -> [1,1]
